MAP = 0.3380210470528112
MRR = 0.5376057742897689
