MAP = 0.5968923112460077
MRR = 0.9166666666666666
