MAP = 0.3656266988140563
MRR = 0.5969046155538889
