MAP = 0.4220401150158607
MRR = 0.709344474969475
