MAP = 0.5424982501875117
MRR = 0.8380952380952381
