MAP = 0.5666366520647927
MRR = 0.8854834401709403
