MAP = 0.5470840420902973
MRR = 0.8490384615384615
