MAP = 0.2920832642339754
MRR = 0.5170130328784175
