MAP = 0.5557123610693296
MRR = 0.8798076923076923
